//!TC1:
Input:
5.0 3.0 1.0 1.0
1.9 1.9 1.9 1.9 1.9 1.9 1.9 1.9 1.9 1.9 1.9 1.9 1.9 1.9 1.9 1.9 1.9 1.9 1.9 1.9 1.9 1.9 1.9 1.9 1.9
1.9 1.9 1.9 1.9 1.9 1.9 1.9 1.9 1.9

Expected: 
17.1 17.1 17.1 17.1 17.1 
17.1 17.1 17.1 17.1 17.1 
17.1 17.1 17.1 17.1 17.1 
17.1 17.1 17.1 17.1 17.1 
17.1 17.1 17.1 17.1 17.1 


//!TC2:
Input:
3.0 4.0 2.0 1.0
1.2 -1.5 2.1 0.0 1.0 10.0 5.0 -2.3 -7.8
1.9 1.9 1.9 1.9 1.9 1.9 1.9 1.9 1.9 1.9 1.9 1.9 1.9 1.9 1.9 1.9 

Expected:
10.8 10.8 10.8 10.8 
10.8 10.8 8.1 9.0 
8.4 7.2 7.0 15.8 
41.0 46.0 43.7 35.9 

//!TC3:
Input:
3.0 4.0 2.0 1.0
2.5 1.0 -3.2 4.5 0.8 -1.2 2.0 3.1 -0.5
2.0 2.0 2.0 2.0 2.0 2.0 2.0 2.0 2.0 2.0 2.0 2.0 2.0 2.0 2.0 2.0

Expected:
22.5 22.5 22.5 22.5 
22.5 22.5 21.0 15.3 
7.9 9.9 8.2 4.5 
14.7 12.2 10.8 5.8 

//!TC4:
Input:
5.0 3.0 0.0 1.0
1.2 1.5 2.1 0.0 0.0 0.0 1.0 1.0 1.0 0.0 0.0 0.0 1.0 1.0 1.0 0.0 0.0 1.0 1.0 0.0 0.0 1.0 1.0 0.0 0.0
1.0 0.0 1.0 0.0 1.0 0.0 1.0 0.0 1.0

Expected:
9.0 7.8 6.6 
3.0 2.8 2.6 
3.0 3.0 3.0 

//!TC5:
Input:
3.0 4.0 2.0 1.0
-2.5 -1.0 -3.2 -4.5 -0.8 -1.2 -2.0 -3.1 -0.5
2.0 2.0 2.0 2.0 2.0 2.0 2.0 2.0 2.0 2.0 2.0 2.0 2.0 2.0 2.0 2.0

Expected:
-22.5 -22.5 -22.5 -22.5 
-22.5 -22.5 -21.0 -21.7 
-27.1 -29.1 -27.4 -26.1 
-21.9 -19.4 -18.0 -14.0 

//!TC6:
Input:
3.0 5.0 0.5 1.0
-2.5 -1.0 -3.2 -4.5 -0.8 -1.2 -2.0 -3.1 -0.5
2.0 2.0 2.0 2.0 2.0 2.0 2.0 2.0 2.0 2.0 2.0 2.0 2.0 2.0 2.0 2.0 2.0 2.0 2.0 2.0 2.0 2.0 2.0 2.0 2.0

Expected:
Wrong value (kernel size>4)

//!TC7:
